1 3 8 83.25
1 3 9 36.75
1 3 10 55.5
1 3 11 46.25
1 3 12 52.5
1 3 13 46.25
1 3 14 52.25
1 3 15 51.0
1 3 16 51.5
1 3 17 49.5
1 3 18 51.75
1 3 19 50.75
1 3 20 47.25
1 3 21 55.5
1 3 22 24.33
2 4 8 85.75
2 4 9 37.75
2 4 10 59.5
2 4 11 49.25
2 4 12 50.75
2 4 13 53.0
2 4 14 49.25
2 4 15 52.5
2 4 16 39.25
2 4 17 54.5
2 4 18 45.5
2 4 19 57.75
2 4 20 50.25
2 4 21 50.75
2 4 22 22.33
3 5 8 86.0
3 5 9 37.75
3 5 10 58.75
3 5 11 45.0
3 5 12 55.5
3 5 13 47.0
3 5 14 50.5
3 5 15 53.0
3 5 16 46.75
3 5 17 27.67
4 6 10 100.0
4 6 11 60.5
4 6 12 50.0
4 6 13 52.5
4 6 14 49.75
4 6 15 55.75
4 6 16 48.75
4 6 17 25.0
5 0 12 88.0
5 0 13 37.0
5 0 14 59.75
5 0 15 45.25
5 0 16 50.5
5 0 17 52.5
5 0 18 50.5
5 0 19 51.0
5 0 20 50.25
5 0 21 54.0
5 0 22 21.33
6 1 8 87.0
6 1 9 39.75
6 1 10 59.75
6 1 11 41.25
6 1 12 57.5
6 1 13 48.5
6 1 14 53.25
6 1 15 50.0
6 1 16 51.25
6 1 17 50.25
6 1 18 52.75
6 1 19 50.75
6 1 20 53.0
6 1 21 48.25
6 1 22 20.33
7 2 8 86.75
7 2 9 34.75
7 2 10 62.0
7 2 11 51.25
7 2 12 53.75
7 2 13 48.75
7 2 14 50.75
7 2 15 47.0
7 2 16 51.0
7 2 17 48.25
7 2 18 51.75
7 2 19 50.75
7 2 20 51.0
7 2 21 48.5
7 2 22 20.0
8 3 8 90.0
8 3 9 36.0
8 3 10 62.25
8 3 11 42.0
8 3 12 53.25
8 3 13 51.25
8 3 14 50.75
8 3 15 52.25
8 3 16 48.25
8 3 17 51.75
8 3 18 57.5
8 3 19 51.5
8 3 20 52.0
8 3 21 49.75
8 3 22 26.0
9 4 8 85.25
9 4 9 40.25
9 4 10 60.0
9 4 11 51.0
9 4 12 42.75
9 4 13 52.75
9 4 14 49.75
9 4 15 53.0
9 4 16 42.75
9 4 17 56.5
9 4 18 46.25
9 4 19 52.5
9 4 20 56.25
9 4 21 48.25
9 4 22 26.33
10 5 8 88.5
10 5 9 39.75
10 5 10 59.5
10 5 11 42.25
10 5 12 57.25
10 5 13 46.75
10 5 14 58.25
10 5 15 50.0
10 5 16 49.75
10 5 17 27.0
11 6 10 100.0
11 6 11 57.0
11 6 12 45.5
11 6 13 52.75
11 6 14 47.75
11 6 15 51.75
11 6 16 47.25
11 6 17 25.33
12 0 12 85.0
12 0 13 41.25
12 0 14 56.5
12 0 15 44.25
12 0 16 56.25
12 0 17 45.75
12 0 18 54.25
12 0 19 49.0
12 0 20 49.25
12 0 21 55.25
12 0 22 25.0
13 1 8 88.5
13 1 9 35.5
13 1 10 54.75
13 1 11 48.75
13 1 12 50.75
13 1 13 51.0
13 1 14 52.75
13 1 15 53.75
13 1 16 50.0
13 1 17 49.75
13 1 18 52.0
13 1 19 51.0
13 1 20 52.0
13 1 21 46.25
13 1 22 24.0
14 2 8 87.5
14 2 9 39.0
14 2 10 56.5
14 2 11 44.25
14 2 12 56.5
14 2 13 49.0
14 2 14 51.25
14 2 15 50.75
14 2 16 46.5
14 2 17 52.0
14 2 18 45.75
14 2 19 52.25
14 2 20 49.75
14 2 21 46.25
14 2 22 25.33
15 3 8 86.75
15 3 9 38.75
15 3 10 56.25
15 3 11 50.0
15 3 12 54.75
15 3 13 50.5
15 3 14 46.0
15 3 15 54.75
15 3 16 51.0
15 3 17 49.5
15 3 18 51.75
15 3 19 55.25
15 3 20 50.75
15 3 21 53.25
15 3 22 24.0
16 4 8 85.75
16 4 9 42.0
16 4 10 55.25
16 4 11 46.25
16 4 12 55.5
16 4 13 48.0
16 4 14 52.25
16 4 15 52.5
16 4 16 55.0
16 4 17 46.75
16 4 18 49.5
16 4 19 51.25
16 4 20 45.0
16 4 21 52.5
16 4 22 26.33
17 5 8 87.25
17 5 9 39.75
17 5 10 59.0
17 5 11 49.0
17 5 12 51.75
17 5 13 50.0
17 5 14 55.5
17 5 15 52.25
17 5 16 47.75
17 5 17 27.0
18 6 10 100.0
18 6 11 59.0
18 6 12 42.5
18 6 13 54.0
18 6 14 55.25
18 6 15 45.75
18 6 16 47.75
18 6 17 23.67
19 0 12 86.0
19 0 13 37.25
19 0 14 52.5
19 0 15 51.25
19 0 16 50.5
19 0 17 51.5
19 0 18 50.75
19 0 19 50.75
19 0 20 49.5
19 0 21 45.75
19 0 22 29.0
20 1 8 86.75
20 1 9 37.5
20 1 10 58.75
20 1 11 48.25
20 1 12 54.0
20 1 13 52.25
20 1 14 49.75
20 1 15 49.0
20 1 16 55.75
20 1 17 45.75
20 1 18 50.25
20 1 19 51.75
20 1 20 51.5
20 1 21 50.25
20 1 22 29.33
21 2 8 89.0
21 2 9 37.5
21 2 10 55.5
21 2 11 46.25
21 2 12 51.75
21 2 13 53.0
21 2 14 49.75
21 2 15 52.0
21 2 16 50.25
21 2 17 47.5
21 2 18 50.5
21 2 19 48.75
21 2 20 55.0
21 2 21 45.5
21 2 22 29.0
22 3 8 88.0
22 3 9 35.25
22 3 10 59.0
22 3 11 46.0
22 3 12 51.25
22 3 13 48.5
22 3 14 51.25
22 3 15 49.75
22 3 16 49.75
22 3 17 50.25
22 3 18 48.5
22 3 19 51.25
22 3 20 47.25
22 3 21 53.25
22 3 22 28.33
23 4 8 86.5
23 4 9 39.0
23 4 10 58.5
23 4 11 48.75
23 4 12 59.5
23 4 13 50.5
23 4 14 54.25
23 4 15 50.0
23 4 16 51.75
23 4 17 44.75
23 4 18 56.75
23 4 19 50.5
23 4 20 57.75
23 4 21 45.5
23 4 22 23.67
24 5 8 90.25
24 5 9 36.0
24 5 10 57.75
24 5 11 51.5
24 5 12 47.25
24 5 13 52.25
24 5 14 54.0
24 5 15 51.0
24 5 16 51.5
24 5 17 29.0
25 6 10 100.0
25 6 11 57.75
25 6 12 46.25
25 6 13 52.25
25 6 14 47.0
25 6 15 49.75
25 6 16 46.25
25 6 17 31.0
